0	-8.9	0.001687369
0	-8.7	0.003605004
0	-8.5	0.01704051
0	-8.3	0.566849
0	-8.1	0.3169153
0	-7.9	0.2842269
0	-7.7	0.2403521
0	-7.5	0.2284605
0	-7.3	0.4871115
0	-7.1	0.5572771
0	-6.9	0.09050518
0	-6.7	0.3817286
0	-6.5	0.446141
0	-6.3	0.258567
0	-6.1	0.3629963
0	-5.9	1.284029
0	-5.7	0.5903782
0	-5.5	0.1879314
0	-5.3	0.531174
0	-5.1	0.6169917
0	-4.9	0.2776994
0	-4.7	0.2215049
0	-4.5	0.7084313
0	-4.3	0.3341445
0	-4.1	0.1281675
0	-3.9	0.9739244
0	-3.7	0.818439
0	-3.5	0.1680608
0	-3.3	0.5040654
0	-3.1	0.8928269
0	-2.9	0.8332369
0	-2.7	0.5919277
0	-2.5	0.4727937
0	-2.3	0.6205652
0	-2.1	0.2619684
0	-1.9	0.6951193
0	-1.7	0.5605947
0	-1.5	0.1492494
0	-1.3	0.3955993
0	-1.1	0.1228352
0	-0.9	0.01763771
0	-0.7	0.0366937
0	-0.5	0.1467984
0	-0.3	0.01480454
0	-0.1	0.002348958
0	0.1	0.00235449
0	0.3	0.01458583
0	0.5	0.1428744
0	0.7	0.04260448
0	0.9	0.01373879
0	1.1	0.1172933
0	1.3	0.4380647
0	1.5	0.04318133
0	1.7	0.564808
0	1.9	0.7027861
0	2.1	0.2691882
0	2.3	0.6204429
0	2.5	0.4719841
0	2.7	0.5830792
0	2.9	0.8230625
0	3.1	0.9126291
0	3.3	0.5247504
0	3.5	0.1933573
0	3.7	0.9027046
0	3.9	0.9621801
0	4.1	0.1219885
0	4.3	0.3426337
0	4.5	0.7153506
0	4.7	0.1923058
0	4.9	0.2919511
0	5.1	0.619984

1	-8.9	0.0009165787
1	-8.7	0.00227385
1	-8.5	0.0131746
1	-8.3	0.5021255
1	-8.1	0.3228976
1	-7.9	0.3308272
1	-7.7	0.1710127
1	-7.5	0.2990409
1	-7.3	0.4738856
1	-7.1	0.5469211
1	-6.9	0.1237068
1	-6.7	0.2983566
1	-6.5	0.3335056
1	-6.3	0.4290564
1	-6.1	0.2779165
1	-5.9	1.330833
1	-5.7	0.5628911
1	-5.5	0.5211873
1	-5.3	0.2183223
1	-5.1	0.5961778
1	-4.9	0.5619805
1	-4.7	0.1013576
1	-4.5	0.4285713
1	-4.3	0.6770189
1	-4.1	0.1543809
1	-3.9	0.5695998
1	-3.7	1.217616
1	-3.5	0.6157193
1	-3.3	0.4681977
1	-3.1	0.837486
1	-2.9	0.5294668
1	-2.7	0.5775371
1	-2.5	0.3371413
1	-2.3	0.4766685
1	-2.1	0.4904114
1	-1.9	0.8039576
1	-1.7	0.5175629
1	-1.5	0.2009987
1	-1.3	0.1407132
1	-1.1	0.09271658
1	-0.9	0.1172755
1	-0.7	0.02559223
1	-0.5	0.06085656
1	-0.3	0.04317412
1	-0.1	0.005510775
1	0.1	0.005507271
1	0.3	0.04275621
1	0.5	0.06610709
1	0.7	0.02195849
1	0.9	0.1143999
1	1.1	0.1000503
1	1.3	0.1665464
1	1.5	0.2331586
1	1.7	0.5184141
1	1.9	0.8060295
1	2.1	0.4762794
1	2.3	0.4786344
1	2.5	0.3399957
1	2.7	0.5625473
1	2.9	0.5277952
1	3.1	0.8328599
1	3.3	0.4934607
1	3.5	0.692182
1	3.7	1.281313
1	3.9	0.5437998
1	4.1	0.1566499
1	4.3	0.6855629
1	4.5	0.4153031
1	4.7	0.09079825
1	4.9	0.5768779
1	5.1	0.5867542

2	-8.9	0.0003254033
2	-8.7	0.001008187
2	-8.5	0.008153491
2	-8.3	0.3704268
2	-8.1	0.3470189
2	-7.9	0.3860574
2	-7.7	0.07658539
2	-7.5	0.350374
2	-7.3	0.5528287
2	-7.1	0.3013603
2	-6.9	0.3167392
2	-6.7	0.2757766
2	-6.5	0.1895671
2	-6.3	0.6274546
2	-6.1	0.4282087
2	-5.9	1.381639
2	-5.7	0.2094862
2	-5.5	0.902808
2	-5.3	0.4245696
2	-5.1	0.1724595
2	-4.9	0.4796452
2	-4.7	0.6290538
2	-4.5	0.1972825
2	-4.3	0.2923263
2	-4.1	0.5210924
2	-3.9	0.6899407
2	-3.7	0.8625841
2	-3.5	0.7053107
2	-3.3	0.893773
2	-3.1	0.4764764
2	-2.9	0.5014816
2	-2.7	0.7271005
2	-2.5	0.3767689
2	-2.3	0.3040512
2	-2.1	0.4968643
2	-1.9	0.9208027
2	-1.7	0.4006572
2	-1.5	0.08185524
2	-1.3	0.492563
2	-1.1	0.08043839
2	-0.9	0.00158767
2	-0.7	0.05888098
2	-0.5	0.1436473
2	-0.3	0.0106583
2	-0.1	0.0002685651
2	0.1	0.0002761679
2	0.3	0.010474
2	0.5	0.1384691
2	0.7	0.06487655
2	0.9	0.001550924
2	1.1	0.07271721
2	1.3	0.519412
2	1.5	0.0580272
2	1.7	0.39888
2	1.9	0.9278833
2	2.1	0.5009267
2	2.3	0.2874214
2	2.5	0.3774435
2	2.7	0.7315313
2	2.9	0.5100204
2	3.1	0.4646075
2	3.3	0.8751804
2	3.5	0.7541345
2	3.7	0.9013223
2	3.9	0.6988099
2	4.1	0.5217565
2	4.3	0.2838571
2	4.5	0.1953374
2	4.7	0.6578488
2	4.9	0.4592695
2	5.1	0.169333

3	-8.9	0.000190421
3	-8.7	0.0006666661
3	-8.5	0.00641794
3	-8.3	0.3079127
3	-8.1	0.3692356
3	-7.9	0.3757851
3	-7.7	0.0856755
3	-7.5	0.2979842
3	-7.3	0.6334622
3	-7.1	0.1631097
3	-6.9	0.3537226
3	-6.7	0.352797
3	-6.5	0.2562719
3	-6.3	0.6294065
3	-6.1	0.4592282
3	-5.9	1.541022
3	-5.7	0.1897044
3	-5.5	0.6739782
3	-5.3	0.6283138
3	-5.1	0.3372698
3	-4.9	0.1566696
3	-4.7	0.6429518
3	-4.5	0.4875286
3	-4.3	0.1433308
3	-4.1	0.3608607
3	-3.9	0.8010221
3	-3.7	0.8549889
3	-3.5	0.5391392
3	-3.3	0.5908399
3	-3.1	0.6751814
3	-2.9	0.6615494
3	-2.7	0.3581368
3	-2.5	0.5838386
3	-2.3	0.4756598
3	-2.1	0.1401877
3	-1.9	0.9552733
3	-1.7	0.4996946
3	-1.5	0.1723553
3	-1.3	0.2258463
3	-1.1	0.1226275
3	-0.9	0.09750745
3	-0.7	0.008113363
3	-0.5	0.07897316
3	-0.3	0.03813947
3	-0.1	0.003982193
3	0.1	0.003978742
3	0.3	0.03773364
3	0.5	0.08322662
3	0.7	0.006713047
3	0.9	0.09154784
3	1.1	0.1274044
3	1.3	0.2668272
3	1.5	0.09859426
3	1.7	0.5045004
3	1.9	0.956903
3	2.1	0.129363
3	2.3	0.483198
3	2.5	0.5896312
3	2.7	0.3461807
3	2.9	0.656209
3	3.1	0.6908622
3	3.3	0.5270407
3	3.5	0.5049837
3	3.7	0.8051487
3	3.9	0.8017266
3	4.1	0.3558195
3	4.3	0.1389425
3	4.5	0.5042379
3	4.7	0.6454062
3	4.9	0.1377237
3	5.1	0.3544525

4	-8.9	6.981276e-05
4	-8.7	0.0003026545
4	-8.5	0.004026052
4	-8.3	0.2007186
4	-8.1	0.4263361
4	-7.9	0.2816234
4	-7.7	0.2101018
4	-7.5	0.1182343
4	-7.3	0.7022816
4	-7.1	0.1260152
4	-6.9	0.262967
4	-6.7	0.4566111
4	-6.5	0.5569178
4	-6.3	0.6108404
4	-6.1	0.3077614
4	-5.9	1.627312
4	-5.7	0.7315225
4	-5.5	0.304609
4	-5.3	0.3532187
4	-5.1	0.7052807
4	-4.9	0.3746634
4	-4.7	0.2533183
4	-4.5	0.4622002
4	-4.3	0.3963016
4	-4.1	0.3475983
4	-3.9	0.629602
4	-3.7	0.7357472
4	-3.5	0.6270299
4	-3.3	0.4995508
4	-3.1	0.5270968
4	-2.9	0.8397085
4	-2.7	0.4176591
4	-2.5	0.5268866
4	-2.3	0.2174151
4	-2.1	0.4537917
4	-1.9	0.9813246
4	-1.7	0.2913571
4	-1.5	0.0476846
4	-1.3	0.5367859
4	-1.1	0.03720849
4	-0.9	0.006401917
4	-0.7	0.0836907
4	-0.5	0.1375827
4	-0.3	0.008657795
4	-0.1	9.272455e-05
4	0.1	0.0001028663
4	0.3	0.008510833
4	0.5	0.1314901
4	0.7	0.08872772
4	0.9	0.01023007
4	1.1	0.03105779
4	1.3	0.5433094
4	1.5	0.1270254
4	1.7	0.2847067
4	1.9	0.9824264
4	2.1	0.4506671
4	2.3	0.2118893
4	2.5	0.5364818
4	2.7	0.4105075
4	2.9	0.8242708
4	3.1	0.5431801
4	3.3	0.4751325
4	3.5	0.555184
4	3.7	0.6676818
4	3.9	0.6258321
4	4.1	0.3480513
4	4.3	0.4016685
4	4.5	0.4611831
4	4.7	0.2336308
4	4.9	0.3910088
4	5.1	0.7121143

5	-8.9	4.153094e-05
5	-8.7	0.0002022554
5	-8.5	0.003186794
5	-8.3	0.1598307
5	-8.1	0.4548291
5	-7.9	0.2143704
5	-7.7	0.2874537
5	-7.5	0.0631795
5	-7.3	0.618138
5	-7.1	0.201324
5	-6.9	0.2494784
5	-6.7	0.4925333
5	-6.5	0.6722128
5	-6.3	0.6527682
5	-6.1	0.353562
5	-5.9	1.390434
5	-5.7	0.9930614
5	-5.5	0.4382354
5	-5.3	0.2529541
5	-5.1	0.5133294
5	-4.9	0.6257751
5	-4.7	0.2637096
5	-4.5	0.3117093
5	-4.3	0.451604
5	-4.1	0.4015047
5	-3.9	0.5307535
5	-3.7	0.453012
5	-3.5	0.3870449
5	-3.3	0.6781931
5	-3.1	0.630097
5	-2.9	0.479041
5	-2.7	0.7207509
5	-2.5	0.3326653
5	-2.3	0.5074043
5	-2.1	0.1214284
5	-1.9	0.8941906
5	-1.7	0.3800626
5	-1.5	0.137674
5	-1.3	0.3463943
5	-1.1	0.134497
5	-0.9	0.06668477
5	-0.7	0.0008489998
5	-0.5	0.09720486
5	-0.3	0.03385025
5	-0.1	0.0030318
5	0.1	0.003028418
5	0.3	0.03345863
5	0.5	0.1001396
5	0.7	0.001957705
5	0.9	0.05954147
5	1.1	0.1342698
5	1.3	0.3916315
5	1.5	0.02526073
5	1.7	0.3836875
5	1.9	0.8954501
5	2.1	0.1274866
5	2.3	0.5059099
5	2.5	0.3282104
5	2.7	0.7267906
5	2.9	0.4833994
5	3.1	0.6234885
5	3.3	0.7171439
5	3.5	0.3558681
5	3.7	0.3843152
5	3.9	0.5313091
5	4.1	0.4035274
5	4.3	0.4529407
5	4.5	0.2994518
5	4.7	0.263477
5	4.9	0.6431169
5	5.1	0.4986223

6	-8.9	1.539475e-05
6	-8.7	9.264561e-05
6	-8.5	0.002013331
6	-8.3	0.1104392
6	-8.1	0.4923082
6	-7.9	0.1038694
6	-7.7	0.3654649
6	-7.5	0.1200271
6	-7.3	0.3226205
6	-7.1	0.3296887
6	-6.9	0.3528407
6	-6.7	0.6361688
6	-6.5	0.6123087
6	-6.3	0.5573086
6	-6.1	0.6558833
6	-5.9	1.093843
6	-5.7	0.7040828
6	-5.5	0.6179087
6	-5.3	0.5709853
6	-5.1	0.2637405
6	-4.9	0.491601
6	-4.7	0.3864821
6	-4.5	0.2938877
6	-4.3	0.4632458
6	-4.1	0.4754605
6	-3.9	0.4386309
6	-3.7	0.3302281
6	-3.5	0.4785263
6	-3.3	0.7303218
6	-3.1	0.436151
6	-2.9	0.7738246
6	-2.7	0.5534804
6	-2.5	0.2858666
6	-2.3	0.4738426
6	-2.1	0.3167839
6	-1.9	0.8339788
6	-1.7	0.2391853
6	-1.5	0.08659861
6	-1.3	0.5231914
6	-1.1	0.01009595
6	-0.9	0.02806388
6	-0.7	0.1045942
6	-0.5	0.1271173
6	-0.3	0.006988796
6	-0.1	5.381133e-05
6	0.1	6.707292e-05
6	0.3	0.006882276
6	0.5	0.1205152
6	0.7	0.1078015
6	0.9	0.03452149
6	1.1	0.008495632
6	1.3	0.5142745
6	1.5	0.1939937
6	1.7	0.2345702
6	1.9	0.8291174
6	2.1	0.3183089
6	2.3	0.4706202
6	2.5	0.2878031
6	2.7	0.5672494
6	2.9	0.7640648
6	3.1	0.4236186
6	3.3	0.8046511
6	3.5	0.4870826
6	3.7	0.2650169
6	3.9	0.4394263
6	4.1	0.4760668
6	4.3	0.4604831
6	4.5	0.2914386
6	4.7	0.3977584
6	4.9	0.4875489
6	5.1	0.254253

7	-8.9	9.212382e-06
7	-8.7	6.218812e-05
7	-8.5	0.001598733
7	-8.3	0.1029971
7	-8.1	0.4903711
7	-7.9	0.08928907
7	-7.7	0.3360533
7	-7.5	0.2092164
7	-7.3	0.1941441
7	-7.1	0.3226089
7	-6.9	0.3724494
7	-6.7	0.8947334
7	-6.5	0.6455612
7	-6.3	0.2949131
7	-6.1	0.6587219
7	-5.9	1.242011
7	-5.7	0.5237151
7	-5.5	0.4459039
7	-5.3	0.6705608
7	-5.1	0.3279825
7	-4.9	0.3619829
7	-4.7	0.4676532
7	-4.5	0.3377353
7	-4.3	0.3265686
7	-4.1	0.4544733
7	-3.9	0.5508845
7	-3.7	0.3633657
7	-3.5	0.5956851
7	-3.3	0.7782508
7	-3.1	0.3699188
7	-2.9	0.8806713
7	-2.7	0.4537509
7	-2.5	0.4573063
7	-2.3	0.2932994
7	-2.1	0.4402906
7	-1.9	0.6664371
7	-1.7	0.2427714
7	-1.5	0.09043199
7	-1.3	0.4635849
7	-1.1	0.1191765
7	-0.9	0.03392665
7	-0.7	0.004655022
7	-0.5	0.1139543
7	-0.3	0.0300265
7	-0.1	0.002377404
7	0.1	0.002374109
7	0.3	0.02965129
7	0.5	0.115341
7	0.7	0.008100524
7	0.9	0.02788015
7	1.1	0.1139782
7	1.3	0.4987769
7	1.5	0.04233135
7	1.7	0.2404152
7	1.9	0.6671956
7	2.1	0.4536976
7	2.3	0.2748849
7	2.5	0.4661925
7	2.7	0.4464139
7	2.9	0.8684785
7	3.1	0.379129
7	3.3	0.7503974
7	3.5	0.650857
7	3.7	0.3865844
7	3.9	0.5487228
7	4.1	0.4539365
7	4.3	0.3250405
7	4.5	0.3409059
7	4.7	0.475083
7	4.9	0.3508592
7	5.1	0.3317001

8	-8.9	3.433007e-06
8	-8.7	2.863663e-05
8	-8.5	0.001014605
8	-8.3	0.1227713
8	-8.1	0.4381908
8	-7.9	0.1620852
8	-7.7	0.1750183
8	-7.5	0.3524992
8	-7.3	0.17138
8	-7.1	0.2445958
8	-6.9	0.2185388
8	-6.7	1.307014
8	-6.5	0.8980216
8	-6.3	0.04377962
8	-6.1	0.2753653
8	-5.9	1.59435
8	-5.7	0.6597662
8	-5.5	0.3201695
8	-5.3	0.5064749
8	-5.1	0.4215375
8	-4.9	0.2485268
8	-4.7	0.4811962
8	-4.5	0.5754888
8	-4.3	0.3622376
8	-4.1	0.1905548
8	-3.9	0.4231661
8	-3.7	0.6360302
8	-3.5	0.8342343
8	-3.3	0.5223746
8	-3.1	0.4053075
8	-2.9	0.915679
8	-2.7	0.4887718
8	-2.5	0.3275342
8	-2.3	0.4612546
8	-2.1	0.4362854
8	-1.9	0.558411
8	-1.7	0.2113163
8	-1.5	0.1995594
8	-1.3	0.4759495
8	-1.1	0.01086405
8	-0.9	0.05931873
8	-0.7	0.117678
8	-0.5	0.1128442
8	-0.3	0.005526037
8	-0.1	3.828689e-05
8	0.1	5.540122e-05
8	0.3	0.005463339
8	0.5	0.1061754
8	0.7	0.1185131
8	0.9	0.06632945
8	1.1	0.01455146
8	1.3	0.4615417
8	1.5	0.2330934
8	1.7	0.2140107
8	1.9	0.553348
8	2.1	0.4460478
8	2.3	0.4453776
8	2.5	0.3269426
8	2.7	0.485071
8	2.9	0.8907782
8	3.1	0.4060613
8	3.3	0.4738656
8	3.5	0.9050591
8	3.7	0.7016612
8	3.9	0.4060828
8	4.1	0.1916962
8	4.3	0.365313
8	4.5	0.5840184
8	4.7	0.4695257
8	4.9	0.2405787
8	5.1	0.4289195

9	-8.9	2.060628e-06
9	-8.7	1.927687e-05
9	-8.5	0.000807251
9	-8.3	0.1476447
9	-8.1	0.3874096
9	-7.9	0.238268
9	-7.7	0.09438044
9	-7.5	0.3415298
9	-7.3	0.2313313
9	-7.1	0.2864122
9	-6.9	0.1002531
9	-6.7	1.37952
9	-6.5	0.9667635
9	-6.3	0.227366
9	-6.1	0.1380514
9	-5.9	1.577436
9	-5.7	0.6904259
9	-5.5	0.4080338
9	-5.3	0.396933
9	-5.1	0.5513071
9	-4.9	0.2905051
9	-4.7	0.2869334
9	-4.5	0.4953342
9	-4.3	0.5397258
9	-4.1	0.3408307
9	-3.9	0.3014794
9	-3.7	0.7527154
9	-3.5	0.8811614
9	-3.3	0.4614406
9	-3.1	0.5714186
9	-2.9	0.7311551
9	-2.7	0.5055051
9	-2.5	0.4304319
9	-2.3	0.2380893
9	-2.1	0.6385704
9	-1.9	0.4916454
9	-1.7	0.1627293
9	-1.5	0.06115804
9	-1.3	0.5368277
9	-1.1	0.08177737
9	-0.9	0.00932059
9	-0.7	0.01864594
9	-0.5	0.1279114
9	-0.3	0.02654779
9	-0.1	0.001895752
9	0.1	0.001892578
9	0.3	0.0261913
9	0.5	0.1276295
9	0.7	0.02383917
9	0.9	0.006300106
9	1.1	0.07410606
9	1.3	0.5521609
9	1.5	0.1201995
9	1.7	0.1560886
9	1.9	0.4919256
9	2.1	0.6419957
9	2.3	0.2277205
9	2.5	0.4374462
9	2.7	0.5174607
9	2.9	0.7177122
9	3.1	0.5666346
9	3.3	0.4929989
9	3.5	0.8595624
9	3.7	0.8338742
9	3.9	0.2954282
9	4.1	0.3425463
9	4.3	0.5430606
9	4.5	0.4982238
9	4.7	0.2678095
9	4.9	0.295277
9	5.1	0.5582465

10	-8.9	7.705946e-07
10	-8.7	8.912261e-06
10	-8.5	0.0005135172
10	-8.3	0.2208894
10	-8.1	0.259929
10	-7.9	0.3993636
10	-7.7	0.04502075
10	-7.5	0.16753
10	-7.3	0.3235399
10	-7.1	0.489888
10	-6.9	0.09736395
10	-6.7	1.228223
10	-6.5	0.6874255
10	-6.3	0.6985644
10	-6.1	0.3710784
10	-5.9	1.342801
10	-5.7	0.5556851
10	-5.5	0.4885438
10	-5.3	0.2487222
10	-5.1	0.5858391
10	-4.9	0.6224942
10	-4.7	0.3534941
10	-4.5	0.2153899
10	-4.3	0.2678975
10	-4.1	0.4136699
10	-3.9	0.6014844
10	-3.7	0.9917336
10	-3.5	0.6474129
10	-3.3	0.3211936
10	-3.1	0.570811
10	-2.9	0.8998454
10	-2.7	0.3706804
10	-2.5	0.5300344
10	-2.3	0.273912
10	-2.1	0.6478788
10	-1.9	0.3097208
10	-1.7	0.1959128
10	-1.5	0.3326092
10	-1.3	0.4270972
10	-1.1	0.03799322
10	-0.9	0.09003675
10	-0.7	0.1205652
10	-0.5	0.09573764
10	-0.3	0.00424555
10	-0.1	2.84669e-05
10	0.1	5.038338e-05
10	0.3	0.004230461
10	0.5	0.08945357
10	0.7	0.1189128
10	0.9	0.09535122
10	1.1	0.04510046
10	1.3	0.4148469
10	1.5	0.2573136
10	1.7	0.2036394
10	1.9	0.3104781
10	2.1	0.6529495
10	2.3	0.2748669
10	2.5	0.5213388
10	2.7	0.3563418
10	2.9	0.9273931
10	3.1	0.5592535
10	3.3	0.343959
10	3.5	0.5883129
10	3.7	1.068485
10	3.9	0.5874344
10	4.1	0.410207
10	4.3	0.2649702
10	4.5	0.2046197
10	4.7	0.3685627
10	4.9	0.6355464
10	5.1	0.5835848

11	-8.9	4.635284e-07
11	-8.7	6.012636e-06
11	-8.5	0.0004088709
11	-8.3	0.2643053
11	-8.1	0.1976345
11	-7.9	0.4464453
11	-7.7	0.0965526
11	-7.5	0.07579297
11	-7.3	0.296001
11	-7.1	0.5416849
11	-6.9	0.2452907
11	-6.7	1.254331
11	-6.5	0.3956453
11	-6.3	0.7908911
11	-6.1	0.5396294
11	-5.9	1.227634
11	-5.7	0.509574
11	-5.5	0.6352637
11	-5.3	0.2666181
11	-5.1	0.3340015
11	-4.9	0.5974961
11	-4.7	0.5579784
11	-4.5	0.3735002
11	-4.3	0.2197472
11	-4.1	0.2468562
11	-3.9	0.4844809
11	-3.7	1.094136
11	-3.5	0.5040816
11	-3.3	0.6413743
11	-3.1	0.2869909
11	-2.9	0.9672445
11	-2.7	0.5378868
11	-2.5	0.2320715
11	-2.3	0.4878649
11	-2.1	0.5049596
11	-1.9	0.5142734
11	-1.7	0.1443845
11	-1.5	0.09333019
11	-1.3	0.5467125
11	-1.1	0.03887943
11	-0.9	0.0005110873
11	-0.7	0.0402198
11	-0.5	0.1380352
11	-0.3	0.02335574
11	-0.1	0.001526161
11	0.1	0.001523204
11	0.3	0.02302044
11	0.5	0.1360824
11	0.7	0.04626058
11	0.9	0.001476331
11	1.1	0.03246298
11	1.3	0.5419325
11	1.5	0.2017095
11	1.7	0.1404362
11	1.9	0.5149872
11	2.1	0.4993345
11	2.3	0.4878211
11	2.5	0.2273484
11	2.7	0.53743
11	2.9	0.9459535
11	3.1	0.2768133
11	3.3	0.6648025
11	3.5	0.4761933
11	3.7	1.109423
11	3.9	0.460801
11	4.1	0.2464223
11	4.3	0.2169244
11	4.5	0.3701187
11	4.7	0.5801494
11	4.9	0.597295
11	5.1	0.3241477

12	-8.9	1.738312e-07
12	-8.7	2.78894e-06
12	-8.5	0.0002600114
12	-8.3	0.3545174
12	-8.1	0.1129372
12	-7.9	0.4235942
12	-7.7	0.285878
12	-7.5	0.04420366
12	-7.3	0.1733188
12	-7.1	0.3829174
12	-6.9	0.4914029
12	-6.7	1.552264
12	-6.5	0.2007271
12	-6.3	0.6203202
12	-6.1	0.525268
12	-5.9	1.117726
12	-5.7	0.4438985
12	-5.5	0.8087614
12	-5.3	0.6388679
12	-5.1	0.2678099
12	-4.9	0.2481445
12	-4.7	0.3574183
12	-4.5	0.4247478
12	-4.3	0.4675116
12	-4.1	0.466767
12	-3.9	0.4752671
12	-3.7	0.8745716
12	-3.5	0.2539999
12	-3.3	0.6173664
12	-3.1	0.5617975
12	-2.9	0.868485
12	-2.7	0.6045392
12	-2.5	0.2933739
12	-2.3	0.3960138
12	-2.1	0.5642485
12	-1.9	0.2541874
12	-1.7	0.2183738
12	-1.5	0.4111192
12	-1.3	0.3939943
12	-1.1	0.07719945
12	-0.9	0.1103167
12	-0.7	0.1127284
12	-0.5	0.07699002
12	-0.3	0.003139975
12	-0.1	2.151295e-05
12	0.1	4.952831e-05
12	0.3	0.003177261
12	0.5	0.07152571
12	0.7	0.1089246
12	0.9	0.1122368
12	1.1	0.08418039
12	1.3	0.384244
12	1.5	0.2899252
12	1.7	0.2237027
12	1.9	0.2612941
12	2.1	0.5579192
12	2.3	0.4213523
12	2.5	0.2810325
12	2.7	0.5941576
12	2.9	0.8627076
12	3.1	0.5745216
12	3.3	0.6113013
12	3.5	0.2494182
12	3.7	0.8382965
12	3.9	0.4797136
12	4.1	0.4675645
12	4.3	0.4686064
12	4.5	0.4323899
12	4.7	0.3435861
12	4.9	0.2394497
12	5.1	0.2668003

13	-8.9	1.047476e-07
13	-8.7	1.884944e-06
13	-8.5	0.000206831
13	-8.3	0.3956548
13	-8.1	0.1056925
13	-7.9	0.3539629
13	-7.7	0.3622764
13	-7.5	0.1203529
13	-7.3	0.1907902
13	-7.1	0.2123698
13	-6.9	0.463034
13	-6.7	1.692416
13	-6.5	0.2544405
13	-6.3	0.5528343
13	-6.1	0.4860998
13	-5.9	1.09158
13	-5.7	0.292074
13	-5.5	0.6065803
13	-5.3	0.7542709
13	-5.1	0.4963201
13	-4.9	0.2969838
13	-4.7	0.2645288
13	-4.5	0.3013924
13	-4.3	0.3825832
13	-4.1	0.4583799
13	-3.9	0.5423055
13	-3.7	0.7360106
13	-3.5	0.5254347
13	-3.3	0.3419223
13	-3.1	0.6832737
13	-2.9	0.8458974
13	-2.7	0.3383332
13	-2.5	0.4915851
13	-2.3	0.4832155
13	-2.1	0.3434182
13	-1.9	0.6501201
13	-1.7	0.149084
13	-1.5	0.1989614
13	-1.3	0.5045626
13	-1.1	0.01018892
13	-0.9	0.0101715
13	-0.7	0.06547012
13	-0.5	0.1435862
13	-0.3	0.0204184
13	-0.1	0.00123522
13	0.1	0.001232974
13	0.3	0.0201075
13	0.5	0.140082
13	0.7	0.0713098
13	0.9	0.0148061
13	1.1	0.008141674
13	1.3	0.487898
13	1.5	0.2500862
13	1.7	0.1524955
13	1.9	0.6523719
13	2.1	0.3432267
13	2.3	0.4792011
13	2.5	0.4859069
13	2.7	0.3217027
13	2.9	0.872441
13	3.1	0.6855619
13	3.3	0.2816347
13	3.5	0.5860574
13	3.7	0.647
13	3.9	0.5321887
13	4.1	0.4544644
13	4.3	0.3841315
13	4.5	0.3038319
13	4.7	0.2509224
13	4.9	0.2955537
13	5.1	0.501058

14	-8.9	3.938141e-08
14	-8.7	8.765581e-07
14	-8.5	0.0001309409
14	-8.3	0.460457
14	-8.1	0.1717345
14	-7.9	0.1617262
14	-7.7	0.3717999
14	-7.5	0.3255962
14	-7.3	0.4242478
14	-7.1	0.03798004
14	-6.9	0.1971458
14	-6.7	1.605557
14	-6.5	0.3778174
14	-6.3	0.5101251
14	-6.1	0.4762832
14	-5.9	1.281125
14	-5.7	0.3145217
14	-5.5	0.236781
14	-5.3	0.4138936
14	-5.1	0.491325
14	-4.9	0.459675
14	-4.7	0.4501359
14	-4.5	0.4670031
14	-4.3	0.4255986
14	-4.1	0.3435693
14	-3.9	0.3221574
14	-3.7	0.4261855
14	-3.5	0.6099333
14	-3.3	0.4791074
14	-3.1	0.8933449
14	-2.9	0.9114632
14	-2.7	0.2624583
14	-2.5	0.3315855
14	-2.3	0.4893871
14	-2.1	0.3083964
14	-1.9	0.4464615
14	-1.7	0.2897874
14	-1.5	0.3955576
14	-1.3	0.3691999
14	-1.1	0.10842
14	-0.9	0.1136277
14	-0.7	0.09556165
14	-0.5	0.05791274
14	-0.3	0.002205174
14	-0.1	1.713823e-05
14	0.1	5.318442e-05
14	0.3	0.002301997
14	0.5	0.05367211
14	0.7	0.090343
14	0.9	0.1115562
14	1.1	0.1118072
14	1.3	0.3557826
14	1.5	0.3279718
14	1.7	0.2881662
14	1.9	0.4547605
14	2.1	0.3030323
14	2.3	0.4983055
14	2.5	0.3395942
14	2.7	0.2531131
14	2.9	0.9236611
14	3.1	0.8828867
14	3.3	0.4554316
14	3.5	0.6766924
14	3.7	0.3508644
14	3.9	0.3083538
14	4.1	0.3466566
14	4.3	0.426878
14	4.5	0.4628904
14	4.7	0.4546284
14	4.9	0.4599145
14	5.1	0.4903995

15	-8.9	2.376902e-08
15	-8.7	5.932086e-07
15	-8.5	0.000103774
15	-8.3	0.4799882
15	-8.1	0.2425011
15	-7.9	0.08212726
15	-7.7	0.29843
15	-7.5	0.3664964
15	-7.3	0.5933125
15	-7.1	0.0974577
15	-6.9	0.115731
15	-6.7	1.448179
15	-6.5	0.4157816
15	-6.3	0.3685576
15	-6.1	0.3859775
15	-5.9	1.371578
15	-5.7	0.568583
15	-5.5	0.2784409
15	-5.3	0.2771821
15	-5.1	0.3859649
15	-4.9	0.4001523
15	-4.7	0.4148747
15	-4.5	0.4602349
15	-4.3	0.4787066
15	-4.1	0.4471777
15	-3.9	0.4075845
15	-3.7	0.3151689
15	-3.5	0.6199049
15	-3.3	0.4552849
15	-3.1	0.5014876
15	-2.9	0.9236445
15	-2.7	0.6098641
15	-2.5	0.4288944
15	-2.3	0.2667442
15	-2.1	0.4252432
15	-1.9	0.7058863
15	-1.7	0.1605805
15	-1.5	0.3372912
15	-1.3	0.4422721
15	-1.1	0.008702098
15	-0.9	0.03510911
15	-0.7	0.08986009
15	-0.5	0.1441605
15	-0.3	0.01771611
15	-0.1	0.001002613
15	0.1	0.001004131
15	0.3	0.01743716
15	0.5	0.139363
15	0.7	0.09449865
15	0.9	0.04192619
15	1.1	0.01198396
15	1.3	0.4241026
15	1.5	0.2705172
15	1.7	0.1683455
15	1.9	0.7093398
15	2.1	0.4332535
15	2.3	0.2738873
15	2.5	0.4181099
15	2.7	0.601101
15	2.9	0.9174795
15	3.1	0.5004663
15	3.3	0.5119679
15	3.5	0.6049778
15	3.7	0.287101
15	3.9	0.4052345
15	4.1	0.4515945
15	4.3	0.4771417
15	4.5	0.4553899
15	4.7	0.4144329
15	4.9	0.4017936
15	5.1	0.3874517

16	-8.9	8.9594e-09
16	-8.7	2.76226e-07
16	-8.5	6.492083e-05
16	-8.3	0.4885382
16	-8.1	0.4242024
16	-7.9	0.03522377
16	-7.7	0.09274056
16	-7.5	0.2501694
16	-7.3	0.7513327
16	-7.1	0.3511054
16	-6.9	0.2179078
16	-6.7	1.285459
16	-6.5	0.5407255
16	-6.3	0.1859917
16	-6.1	0.2371649
16	-5.9	1.152673
16	-5.7	0.7439945
16	-5.5	0.5018132
16	-5.3	0.4221686
16	-5.1	0.4802265
16	-4.9	0.4538248
16	-4.7	0.3871047
16	-4.5	0.3291629
16	-4.3	0.3052955
16	-4.1	0.3173476
16	-3.9	0.4048076
16	-3.7	0.4595771
16	-3.5	0.7962714
16	-3.3	0.7900085
16	-3.1	0.5522452
16	-2.9	0.5196255
16	-2.7	0.3855031
16	-2.5	0.4311212
16	-2.3	0.3321971
16	-2.1	0.3452422
16	-1.9	0.7297254
16	-1.7	0.3593972
16	-1.5	0.3125621
16	-1.3	0.3294532
16	-1.1	0.1157026
16	-0.9	0.09889494
16	-0.7	0.07212845
16	-0.5	0.03984176
16	-0.3	0.001438066
16	-0.1	1.59275e-05
16	0.1	6.327535e-05
16	0.3	0.001607944
16	0.5	0.0372128
16	0.7	0.06652225
16	0.9	0.09353845
16	1.1	0.1138247
16	1.3	0.305583
16	1.5	0.3361679
16	1.7	0.3537203
16	1.9	0.733467
16	2.1	0.3508334
16	2.3	0.323259
16	2.5	0.4395268
16	2.7	0.3985497
16	2.9	0.5135442
16	3.1	0.5569358
16	3.3	0.8281702
16	3.5	0.7428369
16	3.7	0.4635925
16	3.9	0.380282
16	4.1	0.3138999
16	4.3	0.3038027
16	4.5	0.3327116
16	4.7	0.3900374
16	4.9	0.4597516
16	5.1	0.485702

17	-8.9	5.417225e-09
17	-8.7	1.869986e-07
17	-8.5	5.099771e-05
17	-8.3	0.4765692
17	-8.1	0.5143313
17	-7.9	0.08215996
17	-7.7	0.02800508
17	-7.5	0.1403524
17	-7.3	0.7044954
17	-7.1	0.4180625
17	-6.9	0.2839985
17	-6.7	1.208584
17	-6.5	0.7101541
17	-6.3	0.2704175
17	-6.1	0.3145209
17	-5.9	0.9261008
17	-5.7	0.72061
17	-5.5	0.5220278
17	-5.3	0.4559899
17	-5.1	0.4793459
17	-4.9	0.4922966
17	-4.7	0.4574202
17	-4.5	0.4007342
17	-4.3	0.3348388
17	-4.1	0.281361
17	-3.9	0.3058387
17	-3.7	0.5359333
17	-3.5	0.4269879
17	-3.3	0.7853797
17	-3.1	0.9499667
17	-2.9	0.8537033
17	-2.7	0.2904191
17	-2.5	0.222446
17	-2.3	0.3560851
17	-2.1	0.5779001
17	-1.9	0.6068629
17	-1.7	0.2002176
17	-1.5	0.4422937
17	-1.3	0.3898068
17	-1.1	0.03422539
17	-0.9	0.06727365
17	-0.7	0.1090241
17	-0.5	0.1397129
17	-0.3	0.01523548
17	-0.1	0.000814929
17	0.1	0.0008400052
17	0.3	0.01502331
17	0.5	0.1341491
17	0.7	0.1117419
17	0.9	0.07410988
17	1.1	0.04116106
17	1.3	0.3755166
17	1.5	0.2892932
17	1.7	0.2047581
17	1.9	0.6096291
17	2.1	0.5818173
17	2.3	0.3775538
17	2.5	0.2230514
17	2.7	0.2799059
17	2.9	0.8666913
17	3.1	0.9521405
17	3.3	0.745254
17	3.5	0.3819624
17	3.7	0.6185748
17	3.9	0.2765636
17	4.1	0.2793295
17	4.3	0.3379716
17	4.5	0.4093728
17	4.7	0.4647498
17	4.9	0.4923813
17	5.1	0.4772611

18	-8.9	2.049594e-09
18	-8.7	8.693026e-08
18	-8.5	3.107142e-05
18	-8.3	0.4222214
18	-8.1	0.6419331
18	-7.9	0.2751866
18	-7.7	0.06551214
18	-7.5	0.009300218
18	-7.3	0.4815191
18	-7.1	0.3323965
18	-6.9	0.2470541
18	-6.7	1.006264
18	-6.5	0.8496346
18	-6.3	0.5407343
18	-6.1	0.5541903
18	-5.9	0.8897396
18	-5.7	0.7213402
18	-5.5	0.5423939
18	-5.3	0.4798302
18	-5.1	0.4021178
18	-4.9	0.3992804
18	-4.7	0.3992303
18	-4.5	0.4000615
18	-4.3	0.3732532
18	-4.1	0.3461588
18	-3.9	0.3715025
18	-3.7	0.6991766
18	-3.5	0.3722364
18	-3.3	0.5833229
18	-3.1	0.713973
18	-2.9	0.671752
18	-2.7	0.4071256
18	-2.5	0.3563642
18	-2.3	0.4456001
18	-2.1	0.6504739
18	-1.9	0.8219419
18	-1.7	0.3452104
18	-1.5	0.2376803
18	-1.3	0.2570238
18	-1.1	0.09508567
18	-0.9	0.0708453
18	-0.7	0.0466154
18	-0.5	0.02404482
18	-0.3	0.0008363145
18	-0.1	1.952624e-05
18	0.1	8.463952e-05
18	0.3	0.001110674
18	0.5	0.02349877
18	0.7	0.04181776
18	0.9	0.06401437
18	1.1	0.08889243
18	1.3	0.221908
18	1.5	0.2795895
18	1.7	0.3419449
18	1.9	0.8196531
18	2.1	0.655578
18	2.3	0.4504623
18	2.5	0.355818
18	2.7	0.4063243
18	2.9	0.6927821
18	3.1	0.7203064
18	3.3	0.525739
18	3.5	0.3516016
18	3.7	0.7828946
18	3.9	0.3483882
18	4.1	0.3476675
18	4.3	0.3746994
18	4.5	0.3963769
18	4.7	0.3989323
18	4.9	0.3945201
18	5.1	0.3952158

19	-8.9	1.243117e-09
19	-8.7	5.872022e-08
19	-8.5	2.393933e-05
19	-8.3	0.3823498
19	-8.1	0.6610305
19	-7.9	0.3792184
19	-7.7	0.1580699
19	-7.5	0.04566395
19	-7.3	0.4134714
19	-7.1	0.2950332
19	-6.9	0.2057022
19	-6.7	0.8019724
19	-6.5	0.8013046
19	-6.3	0.6095372
19	-6.1	0.5551601
19	-5.9	0.9228104
19	-5.7	0.6868909
19	-5.5	0.5721
19	-5.3	0.5068401
19	-5.1	0.4066003
19	-4.9	0.3793972
19	-4.7	0.3798277
19	-4.5	0.3950087
19	-4.3	0.3934452
19	-4.1	0.3935096
19	-3.9	0.4393596
19	-3.7	0.995738
19	-3.5	0.6065687
19	-3.3	0.501105
19	-3.1	0.5060377
19	-2.9	0.5598724
19	-2.7	0.3509505
19	-2.5	0.4360176
19	-2.3	0.5194664
19	-2.1	0.5448198
19	-1.9	0.4539389
19	-1.7	0.2756649
19	-1.5	0.4836424
19	-1.3	0.3565602
19	-1.1	0.07348675
19	-0.9	0.09635722
19	-0.7	0.1195598
19	-0.5	0.1305692
19	-0.3	0.01296775
19	-0.1	0.0006683964
19	0.1	0.0008480989
19	0.3	0.01303508
19	0.5	0.1259584
19	0.7	0.1203896
19	0.9	0.1011816
19	1.1	0.0805918
19	1.3	0.3430732
19	1.5	0.3149847
19	1.7	0.2729739
19	1.9	0.4546545
19	2.1	0.5389684
19	2.3	0.5241477
19	2.5	0.4490354
19	2.7	0.3575919
19	2.9	0.550504
19	3.1	0.4956244
19	3.3	0.498657
19	3.5	0.6632182
19	3.7	1.045636
19	3.9	0.411271
19	4.1	0.3921734
19	4.3	0.3890605
19	4.5	0.3843827
19	4.7	0.3728357
19	4.9	0.3755079
19	5.1	0.4023841

20	-8.9	4.748852e-10
20	-8.7	2.702e-08
20	-8.5	1.376722e-05
20	-8.3	0.2853871
20	-8.1	0.5954594
20	-7.9	0.5015673
20	-7.7	0.3664501
20	-7.5	0.2612407
20	-7.3	0.4683511
20	-7.1	0.3779849
20	-6.9	0.2707164
20	-6.7	0.6118631
20	-6.5	0.7050151
20	-6.3	0.5957083
20	-6.1	0.3985519
20	-5.9	0.8952062
20	-5.7	0.5351839
20	-5.5	0.4706681
20	-5.3	0.3761377
20	-5.1	0.3015465
20	-4.9	0.2725702
20	-4.7	0.2839618
20	-4.5	0.3041321
20	-4.3	0.3505633
20	-4.1	0.4065856
20	-3.9	0.508948
20	-3.7	1.110086
20	-3.5	0.8168431
20	-3.3	0.6424386
20	-3.1	0.5844991
20	-2.9	0.5524855
20	-2.7	0.5365778
20	-2.5	0.6130473
20	-2.3	0.6766664
20	-2.1	0.6806276
20	-1.9	0.5817601
20	-1.7	0.2220203
20	-1.5	0.2520307
20	-1.3	0.1580907
20	-1.1	0.05658217
20	-0.9	0.03850412
20	-0.7	0.02359173
20	-0.5	0.01163584
20	-0.3	0.0003983977
20	-0.1	3.169243e-05
20	0.1	0.0001294282
20	0.3	0.0008623009
20	0.5	0.01409482
20	0.7	0.02094904
20	0.9	0.03261629
20	1.1	0.04916867
20	1.3	0.1191589
20	1.5	0.1648192
20	1.7	0.2236617
20	1.9	0.5765829
20	2.1	0.6706823
20	2.3	0.6751117
20	2.5	0.6187211
20	2.7	0.5289799
20	2.9	0.5532348
20	3.1	0.5868211
20	3.3	0.6957547
20	3.5	0.8890022
20	3.7	1.138183
20	3.9	0.468329
20	4.1	0.398637
20	4.3	0.3454058
20	4.5	0.2999614
20	4.7	0.2685655
20	4.9	0.2700454
20	5.1	0.3025193

21	-8.9	2.817497e-10
21	-8.7	1.748042e-08
21	-8.5	9.798533e-06
21	-8.3	0.2245472
21	-8.1	0.4995995
21	-7.9	0.4744902
21	-7.7	0.399292
21	-7.5	0.3360026
21	-7.3	0.4865622
21	-7.1	0.4394673
21	-6.9	0.3635816
21	-6.7	0.5837649
21	-6.5	0.7002166
21	-6.3	0.6522209
21	-6.1	0.445474
21	-5.9	0.8687625
21	-5.7	0.5772573
21	-5.5	0.5510168
21	-5.3	0.4673563
21	-5.1	0.3856719
21	-4.9	0.3235837
21	-4.7	0.2845296
21	-4.5	0.2541787
21	-4.3	0.2436585
21	-4.1	0.2572488
21	-3.9	0.3136338
21	-3.7	0.7311653
21	-3.5	0.7213406
21	-3.3	0.7099755
21	-3.1	0.7126138
21	-2.9	0.6258455
21	-2.7	0.4647966
21	-2.5	0.4456447
21	-2.3	0.4433234
21	-2.1	0.4225377
21	-1.9	0.3758976
21	-1.7	0.3379428
21	-1.5	0.4612967
21	-1.3	0.3275902
21	-1.1	0.1061958
21	-0.9	0.1132394
21	-0.7	0.1197854
21	-0.5	0.1175448
21	-0.3	0.01092015
21	-0.1	0.0005519608
21	0.1	0.001933021
21	0.3	0.01185035
21	0.5	0.1162921
21	0.7	0.1192597
21	0.9	0.1146334
21	1.1	0.1103454
21	1.3	0.306553
21	1.5	0.3215752
21	1.7	0.3302013
21	1.9	0.3748795
21	2.1	0.4192518
21	2.3	0.4360684
21	2.5	0.4387302
21	2.7	0.4512608
21	2.9	0.6630268
21	3.1	0.7356965
21	3.3	0.7658905
21	3.5	0.7517031
21	3.7	0.7111996
21	3.9	0.2808005
21	4.1	0.2495711
21	4.3	0.243373
21	4.5	0.2535835
21	4.7	0.2801654
21	4.9	0.3322868
21	5.1	0.3963217

22	-8.9	8.582416e-11
22	-8.7	5.992921e-09
22	-8.5	3.819084e-06
22	-8.3	0.09989449
22	-8.1	0.2416573
22	-7.9	0.2666788
22	-7.7	0.2655575
22	-7.5	0.269099
22	-7.3	0.3574287
22	-7.1	0.3743864
22	-6.9	0.3701598
22	-6.7	0.4934214
22	-6.5	0.5923095
22	-6.3	0.6297407
22	-6.1	0.5242738
22	-5.9	0.7613936
22	-5.7	0.7160444
22	-5.5	0.7625586
22	-5.3	0.7495875
22	-5.1	0.7386627
22	-4.9	0.7076801
22	-4.7	0.6666446
22	-4.5	0.6556445
22	-4.3	0.6170444
22	-4.1	0.5815121
22	-3.9	0.542041
22	-3.7	0.7765802
22	-3.5	0.717437
22	-3.3	0.6578378
22	-3.1	0.6514385
22	-2.9	0.553562
22	-2.7	0.515597
22	-2.5	0.4362437
22	-2.3	0.3626688
22	-2.1	0.2699557
22	-1.9	0.1898613
22	-1.7	0.06746429
22	-1.5	0.2749849
22	-1.3	0.05144669
22	-1.1	0.01777157
22	-0.9	0.01104521
22	-0.7	0.006464522
22	-0.5	0.003099581
22	-0.3	0.0001054782
22	-0.1	2.595327e-05
22	0.1	9.140574e-05
22	0.3	0.0007311412
22	0.5	0.008857275
22	0.7	0.008079889
22	0.9	0.01002181
22	1.1	0.01462931
22	1.3	0.03394394
22	1.5	0.04935494
22	1.7	0.0708969
22	1.9	0.1887193
22	2.1	0.2671008
22	2.3	0.3430579
22	2.5	0.4200583
22	2.7	0.4909379
22	2.9	0.5808875
22	3.1	0.6573663
22	3.3	0.7136277
22	3.5	0.7440356
22	3.7	0.7580787
22	3.9	0.5380405
22	4.1	0.5770741
22	4.3	0.6277895
22	4.5	0.6733219
22	4.7	0.7037645
22	4.9	0.7410356
22	5.1	0.7705861

23	-8.9	3.636868e-11
23	-8.7	2.6625e-09
23	-8.5	1.781404e-06
23	-8.3	0.04881041
23	-8.1	0.1204642
23	-7.9	0.1394724
23	-7.7	0.1460735
23	-7.5	0.1557698
23	-7.3	0.1989791
23	-7.1	0.2170185
23	-6.9	0.2249997
23	-6.7	0.2804709
23	-6.5	0.3309525
23	-6.3	0.3656567
23	-6.1	0.3355569
23	-5.9	0.4168232
23	-5.7	0.4534108
23	-5.5	0.4984233
23	-5.3	0.5155303
23	-5.1	0.5467547
23	-4.9	0.560976
23	-4.7	0.572957
23	-4.5	0.6022216
23	-4.3	0.6155779
23	-4.1	0.6274882
23	-3.9	0.635877
23	-3.7	0.66042
23	-3.5	0.6438728
23	-3.3	0.6360416
23	-3.1	0.6294043
23	-2.9	0.5783744
23	-2.7	0.4873486
23	-2.5	0.4780708
23	-2.3	0.4713618
23	-2.1	0.4274144
23	-1.9	0.3798433
23	-1.7	0.3106844
23	-1.5	0.3442654
23	-1.3	0.2789602
23	-1.1	0.1179101
23	-0.9	0.1123957
23	-0.7	0.1097064
23	-0.5	0.1017241
23	-0.3	0.009123859
23	-0.1	0.001312017
23	0.1	0.01039043
23	0.3	0.01433913
23	0.5	0.1132588
23	0.7	0.1094519
23	0.9	0.1111071
23	1.1	0.1161159
23	1.3	0.2467462
23	1.5	0.2762271
23	1.7	0.3100132
23	1.9	0.3811004
23	2.1	0.4291345
23	2.3	0.4606144
23	2.5	0.4772933
23	2.7	0.4840217
23	2.9	0.584153
23	3.1	0.6275086
23	3.3	0.6471646
23	3.5	0.6482046
23	3.7	0.6568026
23	3.9	0.634228
23	4.1	0.623226
23	4.3	0.6224871
23	4.5	0.6158709
23	4.7	0.5955625
23	4.9	0.5820395
23	5.1	0.5676888

24	-8.9	1.382844e-11
24	-8.7	9.413112e-10
24	-8.5	5.921996e-07
24	-8.3	0.01508331
24	-8.1	0.03189529
24	-7.9	0.03510403
24	-7.7	0.03577878
24	-7.5	0.04987178
24	-7.3	0.3199061
24	-7.1	0.6597666
24	-6.9	1.009058
24	-6.7	0.9016066
24	-6.5	1.89713
24	-6.3	0.790946
24	-6.1	7.236404
24	-5.9	11.9918
24	-5.7	5.386202
24	-5.5	2.778687
24	-5.3	14.46877
24	-5.1	4.409262
24	-4.9	4.801465
24	-4.7	15.46376
24	-4.5	4.505589
24	-4.3	3.03036
24	-4.1	3.842239
24	-3.9	4.523233
24	-3.7	5.591733
24	-3.5	4.724863
24	-3.3	8.45613
24	-3.1	3.815485
24	-2.9	1.328597
24	-2.7	2.099234
24	-2.5	1.996724
24	-2.3	1.563741
24	-2.1	0.5394484
24	-1.9	0.09563339
24	-1.7	0.09955842
24	-1.5	24.43847
24	-1.3	0.8233637
24	-1.1	0.04270749
24	-0.9	0.01508274
24	-0.7	0.008170699
24	-0.5	0.00479026
24	-0.3	0.0003016426
24	-0.1	0.04549015
24	0.1	0.2015096
24	0.3	0.4774745
24	0.5	1.648875
24	0.7	1.287867
24	0.9	1.027985
24	1.1	0.8413022
24	1.3	0.8303765
24	1.5	0.796792
24	1.7	0.4568889
24	1.9	0.3632884
24	2.1	0.3829161
24	2.3	0.4723288
24	2.5	0.1866539
24	2.7	0.07715369
24	2.9	0.04338198
24	3.1	0.01298153
24	3.3	0.001950927
24	3.5	0.002160577
24	3.7	0.002421329
24	3.9	0.0007576777
24	4.1	0.0006466657
24	4.3	0.0005918659
24	4.5	0.0005552697
24	4.7	0.0005277741
24	4.9	0.0005244197
24	5.1	0.0005289282

25	-8.9	2.27642e-12
25	-8.7	3.195076e-11
25	-8.5	1.650944e-08
25	-8.3	0.0004685151
25	-8.1	0.001334565
25	-7.9	0.001743733
25	-7.7	0.002178365
25	-7.5	0.07442163
25	-7.3	0.5176487
25	-7.1	1.213712
25	-6.9	2.290759
25	-6.7	1.490903
25	-6.5	1.758725
25	-6.3	0.8320446
25	-6.1	3.658354
25	-5.9	6.344253
25	-5.7	2.363971
25	-5.5	1.132942
25	-5.3	2.269992
25	-5.1	2.005689
25	-4.9	2.885146
25	-4.7	4.754711
25	-4.5	1.788394
25	-4.3	1.445602
25	-4.1	2.058399
25	-3.9	1.618401
25	-3.7	2.266105
25	-3.5	1.31671
25	-3.3	1.516552
25	-3.1	0.3354814
25	-2.9	0.09232674
25	-2.7	2.199729
25	-2.5	2.424374
25	-2.3	1.90754
25	-2.1	0.9994981
25	-1.9	0.07376966
25	-1.7	0.01054128
25	-1.5	1.72801
25	-1.3	2.380021
25	-1.1	0.05625923
25	-0.9	0.00479558
25	-0.7	0.002059819
25	-0.5	0.001513175
25	-0.3	0.0003181058
25	-0.1	0.5617776
25	0.1	2.839997
25	0.3	5.063477
25	0.5	11.56653
25	0.7	7.366083
25	0.9	4.714913
25	1.1	4.218193
25	1.3	5.877895
25	1.5	4.753961
25	1.7	2.193786
25	1.9	1.974077
25	2.1	2.155526
25	2.3	2.565213
25	2.5	2.662352
25	2.7	1.611497
25	2.9	1.11686
25	3.1	0.3121956
25	3.3	0.0002961309
25	3.5	0.000199087
25	3.7	0.0001831762
25	3.9	5.011808e-05
25	4.1	3.734641e-05
25	4.3	3.024452e-05
25	4.5	2.539858e-05
25	4.7	2.181307e-05
25	4.9	1.975106e-05
25	5.1	1.82981e-05

26	-8.9	6.33962e-12
26	-8.7	3.391168e-11
26	-8.5	7.020194e-09
26	-8.3	0.0002172365
26	-8.1	0.0007948994
26	-7.9	0.001189993
26	-7.7	0.001777989
26	-7.5	0.1947881
26	-7.3	2.535847
26	-7.1	5.277629
26	-6.9	8.380363
26	-6.7	4.484523
26	-6.5	4.866144
26	-6.3	2.695618
26	-6.1	11.08393
26	-5.9	19.90422
26	-5.7	9.742647
26	-5.5	2.880629
26	-5.3	4.969072
26	-5.1	4.103979
26	-4.9	5.026222
26	-4.7	5.680833
26	-4.5	2.190594
26	-4.3	1.944992
26	-4.1	2.790799
26	-3.9	3.087172
26	-3.7	11.75258
26	-3.5	7.667351
26	-3.3	10.83249
26	-3.1	3.804177
26	-2.9	0.6807141
26	-2.7	2.245067
26	-2.5	1.359115
26	-2.3	0.8032387
26	-2.1	0.3955654
26	-1.9	0.01703255
26	-1.7	0.009715563
26	-1.5	2.247691
26	-1.3	0.1149941
26	-1.1	0.009376498
26	-0.9	0.001853414
26	-0.7	0.001106062
26	-0.5	0.0008304627
26	-0.3	0.0001116375
26	-0.1	0.1460852
26	0.1	1.094665
26	0.3	2.825037
26	0.5	4.262772
26	0.7	4.762199
26	0.9	2.456194
26	1.1	1.652827
26	1.3	2.350519
26	1.5	2.260712
26	1.7	1.285103
26	1.9	1.477027
26	2.1	1.437569
26	2.3	2.09046
26	2.5	1.618238
26	2.7	0.8202273
26	2.9	0.6026314
26	3.1	0.1691618
26	3.3	0.0001228567
26	3.5	6.744001e-05
26	3.7	5.733529e-05
26	3.9	1.490128e-05
26	4.1	1.057859e-05
26	4.3	8.207628e-06
26	4.5	6.639957e-06
26	4.7	5.517529e-06
26	4.9	4.855103e-06
26	5.1	4.392503e-06

27	-8.9	2.082842e-11
27	-8.7	7.595781e-11
27	-8.5	5.943568e-10
27	-8.3	9.582132e-06
27	-8.1	4.27311e-05
27	-7.9	7.886212e-05
27	-7.7	0.0001760467
27	-7.5	0.1833996
27	-7.3	1.244663
27	-7.1	2.506096
27	-6.9	4.260984
27	-6.7	1.210202
27	-6.5	0.714104
27	-6.3	0.4392661
27	-6.1	1.730092
27	-5.9	4.765733
27	-5.7	3.033329
27	-5.5	1.268424
27	-5.3	1.34642
27	-5.1	1.689836
27	-4.9	3.459192
27	-4.7	1.994755
27	-4.5	1.134884
27	-4.3	1.745333
27	-4.1	2.234341
27	-3.9	2.443675
27	-3.7	3.07834
27	-3.5	2.325419
27	-3.3	1.685845
27	-3.1	0.5950195
27	-2.9	0.2470523
27	-2.7	7.226758
27	-2.5	4.73753
27	-2.3	4.18276
27	-2.1	3.137582
27	-1.9	0.0971063
27	-1.7	0.001762626
27	-1.5	0.1552977
27	-1.3	0.2226384
27	-1.1	0.004992534
27	-0.9	0.0003830887
27	-0.7	0.0001630033
27	-0.5	0.0001287513
27	-0.3	0.0002576796
27	-0.1	0.6170356
27	0.1	3.469723
27	0.3	10.85358
27	0.5	10.50844
27	0.7	17.61287
27	0.9	4.812118
27	1.1	4.468568
27	1.3	8.939343
27	1.5	4.933798
27	1.7	1.861963
27	1.9	1.805611
27	2.1	0.698427
27	2.3	4.191671
27	2.5	4.013113
27	2.7	1.458517
27	2.9	1.943096
27	3.1	0.7498478
27	3.3	0.0002827974
27	3.5	5.303393e-05
27	3.7	3.646116e-05
27	3.9	5.129413e-06
27	4.1	2.906912e-06
27	4.3	1.891635e-06
27	4.5	1.346918e-06
27	4.7	1.055425e-06
27	4.9	9.359378e-07
27	5.1	8.754014e-07

28	-8.9	7.219015e-11
28	-8.7	2.574639e-10
28	-8.5	1.400076e-09
28	-8.3	1.181678e-05
28	-8.1	7.844558e-05
28	-7.9	0.0001790054
28	-7.7	0.0005279983
28	-7.5	0.5607817
28	-7.3	4.226671
28	-7.1	7.169156
28	-6.9	10.03962
28	-6.7	2.515735
28	-6.5	3.644734
28	-6.3	2.338756
28	-6.1	3.28728
28	-5.9	3.404455
28	-5.7	14.46886
28	-5.5	3.465703
28	-5.3	2.418033
28	-5.1	5.452605
28	-4.9	9.189454
28	-4.7	5.441694
28	-4.5	2.636956
28	-4.3	2.40976
28	-4.1	2.260719
28	-3.9	4.791745
28	-3.7	9.833462
28	-3.5	7.431081
28	-3.3	8.475814
28	-3.1	6.069587
28	-2.9	1.331587
28	-2.7	3.691863
28	-2.5	1.550603
28	-2.3	1.616797
28	-2.1	1.415273
28	-1.9	0.03157318
28	-1.7	0.001746696
28	-1.5	0.2666082
28	-1.3	0.1053948
28	-1.1	0.001633495
28	-0.9	0.0002162819
28	-0.7	0.0001071535
28	-0.5	7.573316e-05
28	-0.3	7.512783e-05
28	-0.1	0.1328779
28	0.1	1.116987
28	0.3	3.948729
28	0.5	4.84805
28	0.7	4.786424
28	0.9	3.200007
28	1.1	2.76251
28	1.3	4.631827
28	1.5	2.224605
28	1.7	0.7413962
28	1.9	0.86826
28	2.1	0.5869736
28	2.3	2.710406
28	2.5	2.880526
28	2.7	0.7622295
28	2.9	1.00767
28	3.1	0.3888104
28	3.3	0.0001340221
28	3.5	1.43951e-05
28	3.7	9.076587e-06
28	3.9	1.18967e-06
28	4.1	6.652326e-07
28	4.3	4.340285e-07
28	4.5	3.116898e-07
28	4.7	2.463061e-07
28	4.9	2.193411e-07
28	5.1	2.050575e-07

29	-8.9	3.181698e-10
29	-8.7	9.701867e-10
29	-8.5	3.512559e-09
29	-8.3	1.03738e-06
29	-8.1	8.319663e-06
29	-7.9	2.284453e-05
29	-7.7	0.0001277565
29	-7.5	0.2790842
29	-7.3	1.275242
29	-7.1	2.385762
29	-6.9	4.497577
29	-6.7	0.5908119
29	-6.5	1.007997
29	-6.3	0.8399503
29	-6.1	0.6661447
29	-5.9	1.27021
29	-5.7	3.452572
29	-5.5	0.9804144
29	-5.3	0.7535265
29	-5.1	1.706394
29	-4.9	5.622067
29	-4.7	2.442309
29	-4.5	1.778499
29	-4.3	2.375889
29	-4.1	1.358988
29	-3.9	1.615533
29	-3.7	3.252345
29	-3.5	2.324619
29	-3.3	1.397455
29	-3.1	0.462539
29	-2.9	0.3136352
29	-2.7	11.00812
29	-2.5	3.0862
29	-2.3	2.293529
29	-2.1	5.278426
29	-1.9	0.2415769
29	-1.7	0.0008946573
29	-1.5	0.08951953
29	-1.3	0.07055633
29	-1.1	0.0004789333
29	-0.9	0.0001143745
29	-0.7	8.14611e-05
29	-0.5	0.000110253
29	-0.3	0.0008313006
29	-0.1	1.510985
29	0.1	4.965586
29	0.3	10.2332
29	0.5	10.85552
29	0.7	16.13805
29	0.9	5.217258
29	1.1	4.873258
29	1.3	9.768761
29	1.5	3.903846
29	1.7	0.8873425
29	1.9	2.474881
29	2.1	1.186761
29	2.3	3.129934
29	2.5	3.490627
29	2.7	1.407883
29	2.9	2.721025
29	3.1	1.541726
29	3.3	0.0006849873
29	3.5	2.007253e-05
29	3.7	5.619042e-06
29	3.9	6.62669e-07
29	4.1	2.606679e-07
29	4.3	1.288693e-07
29	4.5	7.368658e-08
29	4.7	4.768056e-08
29	4.9	3.527847e-08
29	5.1	2.777849e-08

30	-8.9	1.11358e-09
30	-8.7	3.323631e-09
30	-8.5	1.175692e-08
30	-8.3	5.174138e-07
30	-8.1	5.143557e-06
30	-7.9	1.883758e-05
30	-7.7	0.0002593541
30	-7.5	0.9923066
30	-7.3	3.813764
30	-7.1	6.181196
30	-6.9	10.56175
30	-6.7	3.059356
30	-6.5	3.687017
30	-6.3	2.280683
30	-6.1	2.566485
30	-5.9	3.383917
30	-5.7	9.908461
30	-5.5	5.146877
30	-5.3	2.155045
30	-5.1	3.923539
30	-4.9	7.688533
30	-4.7	3.196667
30	-4.5	2.719279
30	-4.3	3.255498
30	-4.1	2.524076
30	-3.9	3.737965
30	-3.7	12.22022
30	-3.5	7.512291
30	-3.3	8.333331
30	-3.1	4.381575
30	-2.9	1.815702
30	-2.7	4.145184
30	-2.5	1.236943
30	-2.3	1.01042
30	-2.1	1.949828
30	-1.9	0.08301764
30	-1.7	0.0003779557
30	-1.5	0.05705955
30	-1.3	0.00604498
30	-1.1	0.0001283228
30	-0.9	3.608978e-05
30	-0.7	2.494455e-05
30	-0.5	3.030053e-05
30	-0.3	0.000184693
30	-0.1	0.3253149
30	0.1	1.847717
30	0.3	2.578957
30	0.5	4.476096
30	0.7	4.045334
30	0.9	3.556593
30	1.1	3.26173
30	1.3	4.758276
30	1.5	1.774815
30	1.7	0.507516
30	1.9	1.198954
30	2.1	0.8299967
30	2.3	2.26761
30	2.5	3.6019
30	2.7	0.5332561
30	2.9	0.9854819
30	3.1	0.6317705
30	3.3	0.0003242799
30	3.5	7.675534e-06
30	3.7	1.451888e-06
30	3.9	2.117e-07
30	4.1	7.548794e-08
30	4.3	3.47619e-08
30	4.5	1.894158e-08
30	4.7	1.176996e-08
30	4.9	8.340888e-09
30	5.1	6.34293e-09

31	-8.9	3.417594e-09
31	-8.7	9.127113e-09
31	-8.5	2.812899e-08
31	-8.3	1.456129e-07
31	-8.1	9.511931e-07
31	-7.9	6.139997e-06
31	-7.7	0.0001583832
31	-7.5	0.316104
31	-7.3	0.9042191
31	-7.1	2.729529
31	-6.9	4.121699
31	-6.7	1.089068
31	-6.5	0.9187616
31	-6.3	0.4844509
31	-6.1	0.8846276
31	-5.9	1.223645
31	-5.7	3.603017
31	-5.5	1.804295
31	-5.3	0.7881091
31	-5.1	2.097566
31	-4.9	3.200995
31	-4.7	2.602031
31	-4.5	1.951633
31	-4.3	2.723619
31	-4.1	1.167037
31	-3.9	2.392396
31	-3.7	2.883798
31	-3.5	2.248552
31	-3.3	1.319689
31	-3.1	0.5548564
31	-2.9	0.3187151
31	-2.7	12.17617
31	-2.5	3.812734
31	-2.3	1.471006
31	-2.1	5.671345
31	-1.9	0.4637413
31	-1.7	0.0007109354
31	-1.5	0.01624819
31	-1.3	0.01152466
31	-1.1	9.781601e-05
31	-0.9	5.321604e-05
31	-0.7	6.815264e-05
31	-0.5	0.0001699277
31	-0.3	0.00161851
31	-0.1	1.922601
31	0.1	6.495483
31	0.3	8.118384
31	0.5	3.508772
31	0.7	9.10149
31	0.9	7.926624
31	1.1	4.430967
31	1.3	7.121113
31	1.5	4.560835
31	1.7	1.317716
31	1.9	1.853425
31	2.1	1.129259
31	2.3	2.084408
31	2.5	5.555444
31	2.7	0.8420555
31	2.9	1.541907
31	3.1	1.826131
31	3.3	0.001461181
31	3.5	3.365866e-05
31	3.7	3.857998e-06
31	3.9	7.656389e-07
31	4.1	2.158971e-07
31	4.3	7.5411e-08
31	4.5	3.068839e-08
31	4.7	1.402529e-08
31	4.9	7.041e-09
31	5.1	3.823092e-09

32	-8.9	1.411345e-08
32	-8.7	3.633804e-08
32	-8.5	1.085796e-07
32	-8.3	4.3137e-07
32	-8.1	2.719554e-06
32	-7.9	2.022425e-05
32	-7.7	0.0005569175
32	-7.5	1.25469
32	-7.3	2.153268
32	-7.1	7.25372
32	-6.9	9.561056
32	-6.7	3.456123
32	-6.5	3.420828
32	-6.3	1.766878
32	-6.1	3.333318
32	-5.9	2.614954
32	-5.7	12.58198
32	-5.5	3.484562
32	-5.3	2.952645
32	-5.1	7.015732
32	-4.9	6.871718
32	-4.7	3.957664
32	-4.5	2.451867
32	-4.3	3.495917
32	-4.1	2.540153
32	-3.9	4.806011
32	-3.7	6.682589
32	-3.5	7.013172
32	-3.3	7.410547
32	-3.1	4.300605
32	-2.9	2.784692
32	-2.7	4.614893
32	-2.5	2.460811
32	-2.3	0.5657551
32	-2.1	1.683979
32	-1.9	0.1416932
32	-1.7	0.0002591765
32	-1.5	0.0112508
32	-1.3	0.001265908
32	-1.1	3.229007e-05
32	-0.9	2.202105e-05
32	-0.7	2.756426e-05
32	-0.5	5.932015e-05
32	-0.3	0.000399488
32	-0.1	0.309584
32	0.1	2.23857
32	0.3	3.38679
32	0.5	2.133094
32	0.7	3.995674
32	0.9	3.846614
32	1.1	4.074087
32	1.3	3.039874
32	1.5	1.978767
32	1.7	1.091954
32	1.9	0.9437836
32	2.1	0.7108175
32	2.3	1.910148
32	2.5	4.045899
32	2.7	0.720655
32	2.9	0.477885
32	3.1	0.6783143
32	3.3	0.0007063738
32	3.5	1.907035e-05
32	3.7	2.498214e-06
32	3.9	5.861651e-07
32	4.1	1.918214e-07
32	4.3	7.732392e-08
32	4.5	3.596504e-08
32	4.7	1.855519e-08
32	4.9	1.036251e-08
32	5.1	6.160019e-09

33	-8.9	5.48707e-08
33	-8.7	1.225138e-07
33	-8.5	3.091526e-07
33	-8.3	9.261006e-07
33	-8.1	3.630334e-06
33	-7.9	2.185505e-05
33	-7.7	0.00040908
33	-7.5	0.2919066
33	-7.3	0.5835214
33	-7.1	3.040133
33	-6.9	3.334342
33	-6.7	1.077756
33	-6.5	0.6553878
33	-6.3	0.6540707
33	-6.1	0.6026786
33	-5.9	1.359255
33	-5.7	4.562956
33	-5.5	1.292892
33	-5.3	0.9178754
33	-5.1	2.645671
33	-4.9	3.257331
33	-4.7	2.503194
33	-4.5	1.504061
33	-4.3	3.105585
33	-4.1	1.847183
33	-3.9	1.739219
33	-3.7	3.03995
33	-3.5	1.68738
33	-3.3	1.541803
33	-3.1	0.7088295
33	-2.9	0.438931
33	-2.7	11.86315
33	-2.5	3.828232
33	-2.3	2.852906
33	-2.1	4.545898
33	-1.9	0.7243556
33	-1.7	0.001398373
33	-1.5	0.002289858
33	-1.3	0.007640523
33	-1.1	0.0001077674
33	-0.9	0.0001026435
33	-0.7	0.0001609421
33	-0.5	0.0004324831
33	-0.3	0.003704588
33	-0.1	2.418885
33	0.1	4.799528
33	0.3	9.892543
33	0.5	5.634799
33	0.7	10.36169
33	0.9	7.314953
33	1.1	6.054783
33	1.3	4.590819
33	1.5	4.309838
33	1.7	2.328711
33	1.9	1.103452
33	2.1	1.364379
33	2.3	3.031717
33	2.5	5.184837
33	2.7	1.982111
33	2.9	0.7172911
33	3.1	1.675561
33	3.3	0.003626344
33	3.5	0.0001362845
33	3.7	2.094803e-05
33	3.9	5.332979e-06
33	4.1	1.796188e-06
33	4.3	7.271007e-07
33	4.5	3.35981e-07
33	4.7	1.716469e-07
33	4.9	9.487817e-08
33	5.1	5.586777e-08

34	-8.9	2.298515e-07
34	-8.7	5.000714e-07
34	-8.5	1.227776e-06
34	-8.3	3.569814e-06
34	-8.1	1.344728e-05
34	-7.9	7.91816e-05
34	-7.7	0.001466808
34	-7.5	1.272814
34	-7.3	1.031414
34	-7.1	7.372992
34	-6.9	9.361592
34	-6.7	3.648992
34	-6.5	2.301251
34	-6.3	2.407115
34	-6.1	2.245619
34	-5.9	3.02716
34	-5.7	21.54629
34	-5.5	4.094825
34	-5.3	1.978017
34	-5.1	7.417629
34	-4.9	7.675179
34	-4.7	4.510892
34	-4.5	1.755593
34	-4.3	4.025701
34	-4.1	2.579145
34	-3.9	3.521057
34	-3.7	9.271241
34	-3.5	4.79711
34	-3.3	7.191784
34	-3.1	4.359954
34	-2.9	4.742838
34	-2.7	4.769879
34	-2.5	1.442722
34	-2.3	1.262628
34	-2.1	1.433057
34	-1.9	0.2200783
34	-1.7	0.0005308393
34	-1.5	0.001526905
34	-1.3	0.0007091514
34	-1.1	5.72166e-05
34	-0.9	5.646912e-05
34	-0.7	7.524636e-05
34	-0.5	0.0001519537
34	-0.3	0.0008992917
34	-0.1	0.4527907
34	0.1	1.417938
34	0.3	3.322594
34	0.5	3.130742
34	0.7	4.397249
34	0.9	3.789463
34	1.1	4.083321
34	1.3	1.998984
34	1.5	1.911352
34	1.7	1.288534
34	1.9	0.6315212
34	2.1	1.232641
34	2.3	1.909632
34	2.5	3.991009
34	2.7	0.9095992
34	2.9	0.4166024
34	3.1	0.5644232
34	3.3	0.00169473
34	3.5	7.376858e-05
34	3.7	1.266843e-05
34	3.9	3.59572e-06
34	4.1	1.357002e-06
34	4.3	6.184879e-07
34	4.5	3.222753e-07
34	4.7	1.852645e-07
34	4.9	1.146454e-07
34	5.1	7.505224e-08

35	-8.9	6.410126e-07
35	-8.7	1.263727e-06
35	-8.5	2.743046e-06
35	-8.3	6.802975e-06
35	-8.1	2.066511e-05
35	-7.9	9.016631e-05
35	-7.7	0.001021661
35	-7.5	0.2178017
35	-7.3	0.5805558
35	-7.1	2.576703
35	-6.9	4.378467
35	-6.7	1.13401
35	-6.5	0.7748024
35	-6.3	0.4535522
35	-6.1	0.7488299
35	-5.9	1.240482
35	-5.7	5.414612
35	-5.5	1.792102
35	-5.3	0.4185456
35	-5.1	2.617126
35	-4.9	4.273581
35	-4.7	3.621229
35	-4.5	1.559074
35	-4.3	2.822788
35	-4.1	1.72167
35	-3.9	1.116887
35	-3.7	2.805823
35	-3.5	1.740188
35	-3.3	1.277377
35	-3.1	0.6168051
35	-2.9	0.6456949
35	-2.7	11.2718
35	-2.5	2.992564
35	-2.3	2.289909
35	-2.1	4.508653
35	-1.9	1.051364
35	-1.7	0.003472583
35	-1.5	0.001131868
35	-1.3	0.002402585
35	-1.1	0.0004040638
35	-0.9	0.000444738
35	-0.7	0.0006448633
35	-0.5	0.001370231
35	-0.3	0.00748481
35	-0.1	2.51969
35	0.1	4.005597
35	0.3	12.18408
35	0.5	6.915262
35	0.7	11.66096
35	0.9	7.80023
35	1.1	4.367783
35	1.3	6.458346
35	1.5	3.395808
35	1.7	2.499359
35	1.9	1.404925
35	2.1	1.371105
35	2.3	3.114049
35	2.5	5.560984
35	2.7	1.717792
35	2.9	1.477187
35	3.1	1.11421
35	3.3	0.007505327
35	3.5	0.0004420309
35	3.7	9.135484e-05
35	3.9	2.925702e-05
35	4.1	1.187416e-05
35	4.3	5.611488e-06
35	4.5	2.952498e-06
35	4.7	1.683366e-06
35	4.9	1.021654e-06
35	5.1	6.518615e-07

36	-8.9	3.256152e-06
36	-8.7	6.239151e-06
36	-8.5	1.312085e-05
36	-8.3	3.138375e-05
36	-8.1	9.130224e-05
36	-7.9	0.0003771312
36	-7.7	0.003963335
36	-7.5	1.058121
36	-7.3	1.796151
36	-7.1	5.14564
36	-6.9	9.931373
36	-6.7	4.175376
36	-6.5	3.692114
36	-6.3	2.412701
36	-6.1	1.953595
36	-5.9	4.283624
36	-5.7	19.67495
36	-5.5	5.876774
36	-5.3	2.061199
36	-5.1	5.310626
36	-4.9	11.1502
36	-4.7	4.381199
36	-4.5	2.368352
36	-4.3	2.898889
36	-4.1	3.079295
36	-3.9	3.406287
36	-3.7	9.678953
36	-3.5	7.601983
36	-3.3	5.924226
36	-3.1	4.057951
36	-2.9	4.863092
36	-2.7	5.131779
36	-2.5	1.610572
36	-2.3	1.07352
36	-2.1	1.546758
36	-1.9	0.3101734
36	-1.7	0.001368531
36	-1.5	0.0006031119
36	-1.3	0.0005942151
36	-1.1	0.000254723
36	-0.9	0.0002776265
36	-0.7	0.0003681437
36	-0.5	0.0006410157
36	-0.3	0.002203049
36	-0.1	0.3959635
36	0.1	1.471849
36	0.3	5.291972
36	0.5	4.075369
36	0.7	4.932285
36	0.9	3.108405
36	1.1	3.634889
36	1.3	3.074965
36	1.5	1.805809
36	1.7	0.7414641
36	1.9	1.375314
36	2.1	0.7332374
36	2.3	3.646582
36	2.5	3.96023
36	2.7	0.7579614
36	2.9	0.8050893
36	3.1	0.3341975
36	3.3	0.00352475
36	3.5	0.0002479778
36	3.7	6.085174e-05
36	3.9	2.326153e-05
36	4.1	1.122087e-05
36	4.3	6.230552e-06
36	4.5	3.795353e-06
36	4.7	2.466995e-06
36	4.9	1.68211e-06
36	5.1	1.189817e-06

37	-8.9	1.210136e-05
37	-8.7	2.033813e-05
37	-8.5	3.660977e-05
37	-8.3	7.253363e-05
37	-8.1	0.0001665089
37	-7.9	0.0004991151
37	-7.7	0.00308938
37	-7.5	0.1502795
37	-7.3	0.9022244
37	-7.1	2.018066
37	-6.9	3.538342
37	-6.7	1.308698
37	-6.5	0.5922484
37	-6.3	0.9050034
37	-6.1	0.4864289
37	-5.9	1.76667
37	-5.7	6.228173
37	-5.5	1.444426
37	-5.3	1.06368
37	-5.1	1.751366
37	-4.9	5.705303
37	-4.7	2.53817
37	-4.5	1.365103
37	-4.3	2.871861
37	-4.1	1.073609
37	-3.9	2.098936
37	-3.7	2.525199
37	-3.5	2.336996
37	-3.3	1.664501
37	-3.1	0.3639248
37	-2.9	0.7140015
37	-2.7	11.51746
37	-2.5	2.823306
37	-2.3	2.167612
37	-2.1	4.129569
37	-1.9	1.422578
37	-1.7	0.01058347
37	-1.5	0.003559908
37	-1.3	0.002777215
37	-1.1	0.001996085
37	-0.9	0.002224039
37	-0.7	0.003051627
37	-0.5	0.005565967
37	-0.3	0.02043569
37	-0.1	2.338405
37	0.1	4.049855
37	0.3	13.91918
37	0.5	7.029966
37	0.7	12.16739
37	0.9	8.205509
37	1.1	3.640518
37	1.3	9.31548
37	1.5	5.499846
37	1.7	2.031184
37	1.9	2.287163
37	2.1	1.379143
37	2.3	6.443634
37	2.5	3.914198
37	2.7	1.291766
37	2.9	2.283671
37	3.1	0.5004357
37	3.3	0.02104048
37	3.5	0.002823432
37	3.7	0.001002434
37	3.9	0.0004787529
37	4.1	0.0002653302
37	4.3	0.0001611724
37	4.5	0.0001043067
37	4.7	7.075594e-05
37	4.9	4.978964e-05
37	5.1	3.608886e-05

38	-8.9	7.2508e-05
38	-8.7	0.0001156674
38	-8.5	0.0001966371
38	-8.3	0.0003659613
38	-8.1	0.000784531
38	-7.9	0.002181067
38	-7.7	0.01237015
38	-7.5	0.7675539
38	-7.3	3.695803
38	-7.1	4.138155
38	-6.9	6.486455
38	-6.7	4.472882
38	-6.5	3.346815
38	-6.3	2.393642
38	-6.1	3.065905
38	-5.9	4.090469
38	-5.7	12.71153
38	-5.5	5.577127
38	-5.3	2.012774
38	-5.1	7.862191
38	-4.9	12.27988
38	-4.7	4.18667
38	-4.5	2.243696
38	-4.3	3.622537
38	-4.1	2.530951
38	-3.9	4.33269
38	-3.7	7.278858
38	-3.5	9.410355
38	-3.3	6.269612
38	-3.1	3.675742
38	-2.9	5.606854
38	-2.7	4.621149
38	-2.5	1.056541
38	-2.3	0.8816635
38	-2.1	1.368254
38	-1.9	0.4392512
38	-1.7	0.007136192
38	-1.5	0.003423107
38	-1.3	0.0025608
38	-1.1	0.002206185
38	-0.9	0.002217645
38	-0.7	0.002547219
38	-0.5	0.003542279
38	-0.3	0.007900229
38	-0.1	0.3940576
38	0.1	1.059738
38	0.3	4.495942
38	0.5	3.101191
38	0.7	4.133064
38	0.9	2.931379
38	1.1	3.123321
38	1.3	4.384493
38	1.5	2.175059
38	1.7	1.202665
38	1.9	1.241928
38	2.1	0.874889
38	2.3	5.628028
38	2.5	2.512874
38	2.7	0.8804725
38	2.9	0.9016119
38	3.1	0.145186
38	3.3	0.01041369
38	3.5	0.001759444
38	3.7	0.0007185013
38	3.9	0.0003810746
38	4.1	0.0002302575
38	4.3	0.0001507511
38	4.5	0.0001043121
38	4.7	7.519467e-05
38	4.9	5.595405e-05
38	5.1	4.271157e-05

39	-8.9	0.0002845923
39	-8.7	0.0003908613
39	-8.5	0.0005627215
39	-8.3	0.0008650238
39	-8.1	0.001469087
39	-7.9	0.002984838
39	-7.7	0.009968482
39	-7.5	0.1294338
39	-7.3	1.226442
39	-7.1	2.611101
39	-6.9	2.762269
39	-6.7	1.514315
39	-6.5	1.090751
39	-6.3	0.371509
39	-6.1	0.7900546
39	-5.9	1.836905
39	-5.7	4.541
39	-5.5	1.857992
39	-5.3	0.5765869
39	-5.1	3.058992
39	-4.9	4.221022
39	-4.7	3.262002
39	-4.5	0.9164448
39	-4.3	3.018895
39	-4.1	2.168095
39	-3.9	1.256525
39	-3.7	2.957482
39	-3.5	2.840796
39	-3.3	1.451715
39	-3.1	0.4327974
39	-2.9	0.9066661
39	-2.7	13.16355
39	-2.5	2.557183
39	-2.3	2.898978
39	-2.1	2.806592
39	-1.9	1.883213
39	-1.7	0.04525709
39	-1.5	0.02277011
39	-1.3	0.01715844
39	-1.1	0.01517342
39	-0.9	0.01539861
39	-0.7	0.01774406
39	-0.5	0.02443624
39	-0.3	0.05310925
39	-0.1	1.992326
39	0.1	2.165587
39	0.3	12.17445
39	0.5	5.050686
39	0.7	13.41937
39	0.9	7.880682
39	1.1	4.980712
39	1.3	7.097402
39	1.5	5.864335
39	1.7	2.44727
39	1.9	2.377442
39	2.1	1.868004
39	2.3	6.149397
39	2.5	2.363352
39	2.7	2.108243
39	2.9	1.71361
39	3.1	0.238281
39	3.3	0.03976244
39	3.5	0.006989903
39	3.7	0.00287005
39	3.9	0.001542214
39	4.1	0.000951675
39	4.3	0.0006397744
39	4.5	0.0004560473
39	4.7	0.0003392601
39	4.9	0.000260717
39	5.1	0.0002055445

40	-8.9	0.001946063
40	-8.7	0.002588234
40	-8.5	0.003581638
40	-8.3	0.005240725
40	-8.1	0.008357826
40	-7.9	0.0156049
40	-7.7	0.04563047
40	-7.5	0.6231491
40	-7.3	4.066467
40	-7.1	6.539882
40	-6.9	7.165883
40	-6.7	5.260334
40	-6.5	4.518529
40	-6.3	1.854418
40	-6.1	2.192653
40	-5.9	4.752403
40	-5.7	19.43352
40	-5.5	5.025853
40	-5.3	2.297114
40	-5.1	6.883394
40	-4.9	11.52023
40	-4.7	3.958654
40	-4.5	2.003671
40	-4.3	3.699734
40	-4.1	2.995656
40	-3.9	4.968968
40	-3.7	9.469105
40	-3.5	8.755
40	-3.3	7.15786
40	-3.1	2.541815
40	-2.9	7.545436
40	-2.7	4.047175
40	-2.5	1.64767
40	-2.3	1.171509
40	-2.1	0.9284953
40	-1.9	0.5868709
40	-1.7	0.02694162
40	-1.5	0.01677822
40	-1.3	0.01408182
40	-1.1	0.01341327
40	-0.9	0.01399914
40	-0.7	0.01592814
40	-0.5	0.02026973
40	-0.3	0.03264416
40	-0.1	0.3452313
40	0.1	0.5379851
40	0.3	5.263301
40	0.5	3.086769
40	0.7	4.153478
40	0.9	3.180261
40	1.1	3.224882
40	1.3	3.346303
40	1.5	2.665366
40	1.7	1.312378
40	1.9	1.239489
40	2.1	1.569181
40	2.3	4.516855
40	2.5	1.601306
40	2.7	0.9260972
40	2.9	0.5629808
40	3.1	0.1185683
40	3.3	0.02526676
40	3.5	0.007396386
40	3.7	0.004090918
40	3.9	0.002693293
40	4.1	0.001929222
40	4.3	0.001454273
40	4.5	0.001135075
40	4.7	0.0009088765
40	4.9	0.0007422668
40	5.1	0.0006158632

